1.335001066732340202e+00 4.928701911333570607e+00 nan 4.423957140142485756e+00 5.814500844724860507e+00
1.280933845462064236e+00 4.929425238670712694e+00 9.112330949595198959e+00 4.422796935303684229e+00 5.828026816277008137e+00
1.223775431622115661e+00 4.931592086755802740e+00 9.117449716293899442e+00 4.427309842031828424e+00 5.844439534371925760e+00
1.280933845462064236e+00 4.935193098929396172e+00 9.125782462281442520e+00 4.427425794290049232e+00 5.854800692625374836e+00
1.360976553135600620e+00 4.937347498326423612e+00 9.126525371091011252e+00 4.434779804797040370e+00 5.861038545925552512e+00
1.386294361119890572e+00 4.939497266262915964e+00 9.122967053167586826e+00 4.446241575984764438e+00 5.867519706902754706e+00
1.223775431622115661e+00 4.942356453342961586e+00 9.138942717303896401e+00 4.435386409713145461e+00 5.870860797192974267e+00
1.308332819650178891e+00 4.945207488773800897e+00 9.139769729331707282e+00 4.458511335159304423e+00 5.878156849718393140e+00
1.435084525289322732e+00 4.947340443723943437e+00 9.137735806671113181e+00 4.476244176312575540e+00 5.886804490874145479e+00
1.252762968495367835e+00 4.949468858858768527e+00 9.140027523672618059e+00 4.485444805487706077e+00 5.898629724017574461e+00
1.308332819650178891e+00 4.953712146696634733e+00 9.145959090059557539e+00 4.450011886770643521e+00 5.911304701004457485e+00
1.308332819650178891e+00 4.956531035103054705e+00 9.147677323164806751e+00 4.427758097087808764e+00 5.918797598405951099e+00
1.223775431622115661e+00 4.957937505095806330e+00 9.153772615714943939e+00 4.425368812926992135e+00 5.924014344354024963e+00
1.223775431622115661e+00 4.961445049905484517e+00 9.150252750404909818e+00 4.430493710717668066e+00 5.926401547867696351e+00
1.410986973710261827e+00 4.963543686562405632e+00 9.152034088928694189e+00 4.433301451334938470e+00 5.928530393094019857e+00
1.280933845462064236e+00 4.964940334834126112e+00 9.150720810706056696e+00 4.438931152118223977e+00 5.931698229872562678e+00
1.252762968495367835e+00 4.968423445286946460e+00 9.153261789721472752e+00 4.452079556098766489e+00 5.937005623559602263e+00
1.252762968495367835e+00 4.971201224850848810e+00 9.158098660144178282e+00 4.465948685730071865e+00 5.951347121568872467e+00
1.335001066732340202e+00 4.971894465779825190e+00 9.159422931213020647e+00 4.448744150031082256e+00 5.957747755191512340e+00
1.252762968495367835e+00 4.973279507552486933e+00 9.156198132561760517e+00 4.467763499238468938e+00 5.962328813616871059e+00
1.193922468472434550e+00 4.975353479951616364e+00 9.160558998263839570e+00 4.451710654960407965e+00 5.968151231917997457e+00
1.193922468472434550e+00 4.976733742420574202e+00 9.168591760989864170e+00 4.441142394340387156e+00 5.974435329218337642e+00
1.252762968495367835e+00 4.980863135762584548e+00 9.166848221732575297e+00 4.431923981236043808e+00 5.979427759298797440e+00
1.223775431622115661e+00 4.983606621708335460e+00 9.177341198341935069e+00 4.431231350412030423e+00 5.987566308283034822e+00
1.280933845462064236e+00 4.985659308026079373e+00 9.180929073041523836e+00 4.451942929293058349e+00 5.991509727175544420e+00
1.163150809805680863e+00 4.985659308026079373e+00 9.181193235319760504e+00 4.463361924623464816e+00 5.995474818156325547e+00
1.193922468472434550e+00 4.988389685148936437e+00 9.185800656838706502e+00 4.483890157971330837e+00 5.999096804869752830e+00
1.223775431622115661e+00 4.991112627607391161e+00 9.187437846937617891e+00 4.486886802447221712e+00 6.002234150077972785e+00
1.163150809805680863e+00 4.991792206294776157e+00 9.191296225348784432e+00 4.505430861524486907e+00 6.003254098890870694e+00
1.223775431622115661e+00 4.993828175779874812e+00 9.203933233946584025e+00 4.532574205766088937e+00 6.005795342456750063e+00
1.223775431622115661e+00 4.996536369716753967e+00 9.199901426342755428e+00 4.554793416592035626e+00 6.002207505551107047e+00
1.163150809805680863e+00 4.999911330733279868e+00 9.201437573101632239e+00 4.566126102166469636e+00 6.003943551455347638e+00
1.252762968495367835e+00 5.003946305945459194e+00 9.207538361599270971e+00 4.560968349566651980e+00 6.001538186707183087e+00
1.163150809805680863e+00 5.005957704545143550e+00 9.203828472591851551e+00 4.587548757512657893e+00 6.000249631673440831e+00
1.193922468472434550e+00 5.006627272698716880e+00 9.213389004356404399e+00 4.584237896230007436e+00 5.996359032737132111e+00
1.163150809805680863e+00 5.009301071083120505e+00 9.212671783669090786e+00 4.591393455860487194e+00 5.993660663486040541e+00
1.163150809805680863e+00 5.011301738639415859e+00 9.220610476437695269e+00 4.604271428776351982e+00 5.989394182726598181e+00
1.163150809805680863e+00 5.013963084188929997e+00 9.223180875479217278e+00 4.618120843435055356e+00 5.985985747052084527e+00
1.163150809805680863e+00 5.016617365773803350e+00 9.214342763498404310e+00 4.612995124939134328e+00 5.978357027341413499e+00
1.193922468472434550e+00 5.018603463745433757e+00 9.219378429722958401e+00 4.626615485021485341e+00 5.971675614980227920e+00
1.252762968495367835e+00 5.022563864961530733e+00 9.217813317990627198e+00 4.628421243181204403e+00 5.968746586674281041e+00
1.163150809805680863e+00 5.024538199265246696e+00 9.220200135246123807e+00 4.619405991117691457e+00 5.971539785451053461e+00
1.131402111491100593e+00 5.026508643252546094e+00 9.229336707712796795e+00 4.628613857698855583e+00 5.976849264675230700e+00
1.163150809805680863e+00 5.027820118850356401e+00 9.225212324580596146e+00 4.636450121995204121e+00 5.979372829423510005e+00
1.131402111491100593e+00 5.029784112935017149e+00 9.229810934162081537e+00 4.622618945269116431e+00 5.984396047688572473e+00
1.131402111491100593e+00 5.031091302663637244e+00 9.237898691633482429e+00 4.609697085617697532e+00 5.987398329984550571e+00
1.163150809805680863e+00 5.033700567027251438e+00 9.235329538067542643e+00 4.605385653396131040e+00 5.990846346524271837e+00
1.131402111491100593e+00 5.035002650544550207e+00 9.235259176527916836e+00 4.602468508036893446e+00 5.991551311584237816e+00
1.131402111491100593e+00 5.036303040844833490e+00 9.243601762300855285e+00 4.591468859912363421e+00 5.994330959172969209e+00
1.163150809805680863e+00 5.041487757579020013e+00 9.242524412307018267e+00 4.586642462790153196e+00 6.001788817899631034e+00
1.193922468472434550e+00 5.043425116919246776e+00 9.242925840706600837e+00 4.601762301839021241e+00 6.005727986474374447e+00
1.163150809805680863e+00 5.046645731619288533e+00 9.248390560951515127e+00 4.609341883934330752e+00 6.014891858324884488e+00
1.098612288668109782e+00 5.050496827521386400e+00 9.262690845819557595e+00 4.647081944808299170e+00 6.020077725575322170e+00
1.193922468472434550e+00 5.052416828111210734e+00 9.258758067328210828e+00 4.668662439282623033e+00 6.023750434065898496e+00
1.131402111491100593e+00 5.054333149361974975e+00 9.264318848997019629e+00 4.626218312972816271e+00 6.028913544541167902e+00
1.163150809805680863e+00 5.056245805348308586e+00 9.268457641809316527e+00 4.615473121274809465e+00 6.033455554549778554e+00
1.193922468472434550e+00 5.057518879995106076e+00 9.270017834725189587e+00 4.615606715020986961e+00 6.034998356903845895e+00
1.163150809805680863e+00 5.060694493968993513e+00 9.274886634304523980e+00 4.578343732020366375e+00 6.038070391852869534e+00
1.098612288668109782e+00 5.063860055333553767e+00 9.282551832905820532e+00 4.556841602514460909e+00 6.041998036493227531e+00
1.098612288668109782e+00 5.067015627532364341e+00 9.283771210713892330e+00 4.560972528350496269e+00 6.048003736700457544e+00
1.098612288668109782e+00 5.069532935343740832e+00 9.278565287452851251e+00 4.559603616173908414e+00 6.053460604792352484e+00
1.163150809805680863e+00 5.071416766356115602e+00 9.279330133290741855e+00 4.585808120264505128e+00 6.057948738187656446e+00
1.131402111491100593e+00 5.073297055220966634e+00 9.294679876523030515e+00 4.594809307061380466e+00 6.061433772723258784e+00
1.098612288668109782e+00 5.073923033332174093e+00 9.293593276041731244e+00 4.615088600468128632e+00 6.065966729282548542e+00
1.064710736992428242e+00 5.074548619839908348e+00 9.303178917048501972e+00 4.606849505456247051e+00 6.069068456287388003e+00
1.098612288668109782e+00 5.074548619839908348e+00 9.299936042591747665e+00 4.617293237216693491e+00 6.072922149378826795e+00
1.131402111491100593e+00 5.076423034634259146e+00 9.309455693236801110e+00 4.575087134565221980e+00 6.077565686368508580e+00
1.064710736992428242e+00 5.077670695432414227e+00 9.313580441603273030e+00 4.559814143834369560e+00 6.081231973567053473e+00
1.098612288668109782e+00 5.080161356744866019e+00 9.316446537371250614e+00 4.555252041435815968e+00 6.091532589448362955e+00
1.131402111491100593e+00 5.082645830072528348e+00 9.320505627981415131e+00 4.538660154105111033e+00 6.094928479734049276e+00
1.098612288668109782e+00 5.084505142662711030e+00 9.323310069357917840e+00 4.522829072666556982e+00 6.100724139396352719e+00
1.131402111491100593e+00 5.085742766583061680e+00 9.321197748308453157e+00 4.524371503270107731e+00 6.107968600887673460e+00
1.131402111491100593e+00 5.086361004624391668e+00 9.329211491100526388e+00 4.488068384166691516e+00 6.113829755158138646e+00
1.064710736992428242e+00 5.087596335232383638e+00 9.324122871004750124e+00 4.454084453819827871e+00 6.120038961848384140e+00
1.064710736992428242e+00 5.087596335232383638e+00 9.337758256433751569e+00 4.466792004716066522e+00 6.128629346986579129e+00
1.029619417181157903e+00 5.087596335232383638e+00 9.341307677811588661e+00 4.463947679707961136e+00 6.134306056050054856e+00
9.932517730102834452e-01 5.088830141681313535e+00 9.339923511852960658e+00 4.473050064085018818e+00 6.141377400372999951e+00
1.029619417181157903e+00 5.091293197113711422e+00 9.341923915216908014e+00 4.470137714599379919e+00 6.147803313630531896e+00
1.064710736992428242e+00 5.092522453568440355e+00 9.350349855570362578e+00 4.448985971413009999e+00 6.152418820332994365e+00
9.932517730102834452e-01 5.094976442530005478e+00 9.349775947405740695e+00 4.422601357877082862e+00 6.158504064553130597e+00
9.932517730102834452e-01 5.096201182425903475e+00 9.354226178890527876e+00 4.393313220645340245e+00 6.165158362259910874e+00
1.064710736992428242e+00 5.096812990337308946e+00 9.367121948175727297e+00 4.379354511059081467e+00 6.174637484951061239e+00
1.029619417181157903e+00 5.099256485749783963e+00 9.371901395922488831e+00 4.365370080674999542e+00 6.184654512027482731e+00
1.029619417181157903e+00 5.100475998096044350e+00 9.375129141374655362e+00 4.365545770658513014e+00 6.195630718767992207e+00
1.064710736992428242e+00 5.102302482622079971e+00 9.373013512962481641e+00 4.341686867910122594e+00 6.203799266686922387e+00
1.098612288668109782e+00 5.104125637183594577e+00 9.376043032715452696e+00 4.349384579541584195e+00 6.211719215205723010e+00
1.029619417181157903e+00 5.104125637183594577e+00 9.381424649980644404e+00 4.321604955720891539e+00 6.217470941364597437e+00
9.932517730102834452e-01 5.104732617475372436e+00 9.386414175953381900e+00 4.314779035262158224e+00 6.220295058795052512e+00
1.029619417181157903e+00 5.111385197196398167e+00 9.386785365328524477e+00 4.315323338771809958e+00 6.228478149258352303e+00
1.064710736992428242e+00 5.111987788356543660e+00 9.391016016846654324e+00 4.324419217283559824e+00 6.235764148432240361e+00
1.029619417181157903e+00 5.111987788356543660e+00 9.390752932925533258e+00 4.309821812811655661e+00 6.240568986961275044e+00
1.064710736992428242e+00 5.116195789756748269e+00 9.400556701420976324e+00 4.303322272511541868e+00 6.247084776401074180e+00
1.029619417181157903e+00 5.118592435601347468e+00 9.399776073117749320e+00 4.333015708350993478e+00 6.250849189415035312e+00
1.064710736992428242e+00 5.122772794033106258e+00 9.405736417855688813e+00 4.356053641794232156e+00 6.252777810263567382e+00
1.029619417181157903e+00 5.124559040414570887e+00 9.412231613233229766e+00 4.354909780147676379e+00 6.257748989447531329e+00
1.064710736992428242e+00 5.126342101808226914e+00 9.418218665948113966e+00 4.354874204169238538e+00 6.261042936171661744e+00
1.064710736992428242e+00 5.128714582161856050e+00 9.427183873360267086e+00 4.366898033426809711e+00 6.266415561002418144e+00
1.098612288668109782e+00 5.131672289139089571e+00 9.416940192961787304e+00 4.381881991173018243e+00 6.268768835229317382e+00
1.064710736992428242e+00 5.135798437050261178e+00 9.421803770386651067e+00 4.391427559506554168e+00 6.267534792470925709e+00
1.131402111491100593e+00 5.141663556502660271e+00 9.427619704265632450e+00 4.390602926119698601e+00 6.271456279522950261e+00
1.029619417181157903e+00 5.141078590121545666e+00 9.440098769703343606e+00 4.389761357759617511e+00 6.281820080113620364e+00
1.064710736992428242e+00 5.142832463707641466e+00 9.439726598491072096e+00 4.400540957828626532e+00 6.277057009244398245e+00
1.029619417181157903e+00 5.148656591993630016e+00 9.442693772475928782e+00 4.381876570594920750e+00 6.279070522158105128e+00
1.029619417181157903e+00 5.151555985152632466e+00 9.435705987668102424e+00 4.371548407581072659e+00 6.282959106261550630e+00
1.064710736992428242e+00 5.151555985152632466e+00 9.445048042740740613e+00 4.355249802603176512e+00 6.286694313100012366e+00
1.098612288668109782e+00 5.156753802226250016e+00 9.445318776535239991e+00 4.367790691323477859e+00 6.293418434852867449e+00
1.098612288668109782e+00 5.158480421360237322e+00 9.449144137737778948e+00 4.343414039104461999e+00 6.295527696651659788e+00
1.064710736992428242e+00 5.160204064418402403e+00 9.448483992357644468e+00 4.337607867335607104e+00 6.296133201515427658e+00
1.098612288668109782e+00 5.162497643405501435e+00 9.445491413445527229e+00 4.349597886276531433e+00 6.303984799152332563e+00
1.064710736992428242e+00 5.168208681201016397e+00 9.446413766694014669e+00 4.359398155302940836e+00 6.313773985031688518e+00
1.098612288668109782e+00 5.170483995038151370e+00 9.444269508840692495e+00 4.355795128494196256e+00 6.323691352710703484e+00
1.098612288668109782e+00 5.171052015502159982e+00 9.443905723416255782e+00 4.357789091968693462e+00 6.337558983181888372e+00
1.131402111491100593e+00 5.172754143572691810e+00 9.448858066739095563e+00 4.362303520739113871e+00 6.352104828586419671e+00
1.098612288668109782e+00 5.177843213080162599e+00 9.454148777083727140e+00 4.377999344448022967e+00 6.356437279586212519e+00
1.098612288668109782e+00 5.180096735160606869e+00 9.447432881256160542e+00 4.367229041185017202e+00 6.368019271866549147e+00
1.064710736992428242e+00 5.178407069875478719e+00 9.444780712019694491e+00 4.358930646011227594e+00 6.378154118417028506e+00
1.098612288668109782e+00 5.178407069875478719e+00 9.455097787687293476e+00 4.335405150063150082e+00 6.389900327977168892e+00
1.064710736992428242e+00 5.182345190295616355e+00 9.441013588532349843e+00 4.297132256539102357e+00 6.420685913152456514e+00
9.932517730102834452e-01 5.179533830558070484e+00 9.448856031756957208e+00 4.253732682174744539e+00 6.415370107719284398e+00
1.029619417181157903e+00 5.178970608915471452e+00 9.442629504908913063e+00 4.267688974087681331e+00 6.427643338324571687e+00
1.098612288668109782e+00 5.178407069875478719e+00 9.457735191622775872e+00 4.258580926746232898e+00 6.442470081891322309e+00
9.932517730102834452e-01 5.180096735160606869e+00 9.461265709992835227e+00 4.268337939699812011e+00 6.450957694212457127e+00
1.029619417181157903e+00 5.181783550292085039e+00 9.455399057482983594e+00 4.280063890053598108e+00 6.459057022122880021e+00
1.029619417181157903e+00 5.184588601219693338e+00 9.460101593507937778e+00 4.308461399353321397e+00 6.463962166969602130e+00
1.029619417181157903e+00 5.189060380611087098e+00 9.463537589132423378e+00 4.304039753872857865e+00 6.466142656267007460e+00
1.098612288668109782e+00 5.190175207928333201e+00 9.462818788134601533e+00 4.313317096105929949e+00 6.472828818026411746e+00
1.029619417181157903e+00 5.190732155868098552e+00 9.466921764186473354e+00 4.342630608815276183e+00 6.478763127605441596e+00
1.029619417181157903e+00 5.192956850890209530e+00 9.471829367228869145e+00 4.370929105864001407e+00 6.487848752374741679e+00
1.064710736992428242e+00 5.195730777772936904e+00 9.467017380319992625e+00 4.371075704102212356e+00 6.496727362517745519e+00
9.162907318741552176e-01 5.197391447958076505e+00 9.468991384873172379e+00 4.394888455613312317e+00 6.503891863584279953e+00
1.029619417181157903e+00 5.199601393608879185e+00 9.465824580764419238e+00 4.399240801593661487e+00 6.513577918962197622e+00
1.029619417181157903e+00 5.201255653704905946e+00 9.469178588111608619e+00 4.389754466091160268e+00 6.523859594074576940e+00
1.029619417181157903e+00 5.202907181743378295e+00 9.474718233326957062e+00 4.381693057289989923e+00 6.529387184289424439e+00
9.932517730102834452e-01 5.207297968160868429e+00 9.472216006604194050e+00 4.398533201233249201e+00 6.537185832368176186e+00
9.932517730102834452e-01 5.212759478186390183e+00 9.478306237303259607e+00 4.405343271111063608e+00 6.545455230678729919e+00
1.029619417181157903e+00 5.214392131610275705e+00 9.474736497103332766e+00 4.382607143034089603e+00 6.549937499956739906e+00
9.932517730102834452e-01 5.210578452240030245e+00 9.481328584150716665e+00 4.377870622923171418e+00 6.558440318387041224e+00
1.029619417181157903e+00 5.208939555396820076e+00 9.480340938459519862e+00 4.383805046014555451e+00 6.571377405480047784e+00
9.932517730102834452e-01 5.210032451680464582e+00 9.491288271315923453e+00 4.371956455088631621e+00 6.580306463113887006e+00
9.932517730102834452e-01 5.213303992221080208e+00 9.495816344932055841e+00 4.362172976366344379e+00 6.591091948840821502e+00
9.932517730102834452e-01 5.217649463480582561e+00 9.500468186382743596e+00 4.379299848601184486e+00 6.603796966041477923e+00
9.932517730102834452e-01 5.220896219579452158e+00 9.506510446091278155e+00 4.406085190450049538e+00 6.600042810738862897e+00
1.029619417181157903e+00 5.219815138393078868e+00 9.508223383200320455e+00 4.444627326791998456e+00 6.599238672618522372e+00
9.932517730102834452e-01 5.220355825078324408e+00 9.514246624137033592e+00 4.465253833719577514e+00 6.601277558815126234e+00
1.029619417181157903e+00 5.223054882047490466e+00 9.515208503535523832e+00 4.478945756005568768e+00 6.601910159307918136e+00
1.029619417181157903e+00 5.227358277607542902e+00 9.510683638919683602e+00 4.519697918567192829e+00 6.604031565010966887e+00
1.064710736992428242e+00 5.229503050547676501e+00 9.519106127185091637e+00 4.550368385962308970e+00 6.612321852644732267e+00
1.064710736992428242e+00 5.231643233280044214e+00 9.525046113185570817e+00 4.573444269549583829e+00 6.619720635393236741e+00
9.932517730102834452e-01 5.233245369804321534e+00 9.523057454974939162e+00 4.575198490463761480e+00 6.627621023060478400e+00
1.029619417181157903e+00 5.237505227151279641e+00 9.530261498384900776e+00 4.569844114906449484e+00 6.641877343904978304e+00
1.064710736992428242e+00 5.241217774507463290e+00 9.523472381322434899e+00 4.562470626055773693e+00 6.642720249674797905e+00
1.029619417181157903e+00 5.242275975664412613e+00 9.533519686892429235e+00 4.555982023877243492e+00 6.644829230639187401e+00
9.932517730102834452e-01 5.242804656617777503e+00 9.534888308055929684e+00 4.531987087740224851e+00 6.649805371365617113e+00
1.029619417181157903e+00 5.245970886175827630e+00 9.535542844400195506e+00 4.523810417891776403e+00 6.656197566063772442e+00
1.029619417181157903e+00 5.251225759014186423e+00 9.542480179408206808e+00 4.517379982210993461e+00 6.660655505107612839e+00
9.932517730102834452e-01 5.255931650051598680e+00 9.542785313254876556e+00 4.520685098859178019e+00 6.665013435382440399e+00
1.029619417181157903e+00 5.255931650051598680e+00 9.544503894414051004e+00 4.526028806257626158e+00 6.667199830607672517e+00
9.932517730102834452e-01 5.255409865536759817e+00 9.554373631239654330e+00 4.554160734035163749e+00 6.666351758119877680e+00
1.029619417181157903e+00 5.259576538231606868e+00 9.551565523892552534e+00 4.579332136901523853e+00 6.666017471309304554e+00
1.064710736992428242e+00 5.263208189434468665e+00 9.555646639532847431e+00 4.624790817406328358e+00 6.665852442138306522e+00
1.098612288668109782e+00 5.266310570412951364e+00 9.558508653886693907e+00 4.597829616665411123e+00 6.664649118591066568e+00
1.064710736992428242e+00 5.265794174842477027e+00 9.555284061457792077e+00 4.593512451468761526e+00 6.664697717775105446e+00
1.029619417181157903e+00 5.266310570412951364e+00 9.563406243310623722e+00 4.602048831641277538e+00 6.668732259894472492e+00
1.064710736992428242e+00 5.272486606513514751e+00 9.566025685418274804e+00 4.602609784645924407e+00 6.671661520659171174e+00
1.029619417181157903e+00 5.278624733202300412e+00 9.569215351960348670e+00 4.610097814008519812e+00 6.675425770824550575e+00
1.131402111491100593e+00 5.292299294222473804e+00 9.567063343073330728e+00 4.605847810531299658e+00 6.679062252175586245e+00
1.163150809805680863e+00 5.293807211070151730e+00 9.568028596222328375e+00 4.615389371197036184e+00 6.683102727390643594e+00
1.098612288668109782e+00 5.288771953704505258e+00 9.572234863038072916e+00 4.618730673195554637e+00 6.683631772306879881e+00
1.131402111491100593e+00 5.288771953704505258e+00 9.579111057476794144e+00 4.654396747658469558e+00 6.686254893586607295e+00
1.064710736992428242e+00 5.294811227218748861e+00 9.582107855752568071e+00 4.688170891999921430e+00 6.691106243757877436e+00
1.064710736992428242e+00 5.295312857527738615e+00 9.582290153037801517e+00 4.718172792298954477e+00 6.692123400760901397e+00
1.064710736992428242e+00 5.296816240421768462e+00 9.590808681702029048e+00 4.724925414658645018e+00 6.691426885887661768e+00
1.131402111491100593e+00 5.301811255802292067e+00 9.585664911347182127e+00 4.780089204913525514e+00 6.693628546508837651e+00
1.163150809805680863e+00 5.304796332645746126e+00 9.589857620006560168e+00 4.862557394622261775e+00 6.690518172824726051e+00
1.064710736992428242e+00 5.307277107919508907e+00 9.588660130727619801e+00 4.834787806738019889e+00 6.691499559252987339e+00
1.064710736992428242e+00 5.312713246831768821e+00 9.585599999440672647e+00 4.851590009024116412e+00 6.693317835681687811e+00
1.163150809805680863e+00 5.317139120788624496e+00 9.588449653463555933e+00 4.848974147706653248e+00 6.693624394303284930e+00
1.098612288668109782e+00 5.312220271717028375e+00 9.592811456602317932e+00 4.829533204456176954e+00 6.694077469393843849e+00
1.131402111491100593e+00 5.307772525318791956e+00 9.593676136625303386e+00 4.853374190154308820e+00 6.699200143084472536e+00
1.098612288668109782e+00 5.308267697401205076e+00 9.599074449850077073e+00 4.869456520412750677e+00 6.702393847430265339e+00
1.098612288668109782e+00 5.313698468586339096e+00 9.597504563846227299e+00 4.885455806945132373e+00 6.707703896883447037e+00
1.098612288668109782e+00 5.315356374642572490e+00 9.595621621707632443e+00 4.876375609161513580e+00 6.712105022459300407e+00
1.064710736992428242e+00 5.319227223776112012e+00 9.601272140589355075e+00 4.900866422414754453e+00 6.712347423372956534e+00
1.064710736992428242e+00 5.324413871269311649e+00 9.595209702532157436e+00 4.917405575739369539e+00 6.715734894717793502e+00
1.131402111491100593e+00 5.327410040751308529e+00 9.604168081881923058e+00 4.959952727980605047e+00 6.725586872883122069e+00
1.131402111491100593e+00 5.331534517408233143e+00 9.605462598132216812e+00 4.972645104838887775e+00 6.726285252889996791e+00
1.064710736992428242e+00 5.333848589587691258e+00 9.605348309313939126e+00 4.968790387939944431e+00 6.729770098331148809e+00
1.131402111491100593e+00 5.335627602054373142e+00 9.604975068902142255e+00 4.967332798825887075e+00 6.733183204679857425e+00
1.064710736992428242e+00 5.335935835254490556e+00 9.614135576038723485e+00 4.931394848794065311e+00 6.743054911219553915e+00
1.064710736992428242e+00 5.340164435499930029e+00 9.615949941354497099e+00 4.950566357246789728e+00 6.743456323491499482e+00
1.029619417181157903e+00 5.343242929901028226e+00 9.611834591306466891e+00 4.965747596234912464e+00 6.744072472963666520e+00
1.064710736992428242e+00 5.351071093983903459e+00 9.615714402895944701e+00 4.961016273086821471e+00 6.745734775674004702e+00
1.131402111491100593e+00 5.353964917386851319e+00 9.618212399279617131e+00 4.963810960286112461e+00 6.748087141592179705e+00
1.098612288668109782e+00 5.357406692754025812e+00 9.617535090303251266e+00 5.023816054388204222e+00 6.750252161144246976e+00
1.098612288668109782e+00 5.359821601391479007e+00 9.601408407243193111e+00 5.093948894192573462e+00 6.759091999865581180e+00
1.064710736992428242e+00 5.363393243284223288e+00 9.606226917345653149e+00 5.134495452982833719e+00 6.770544960210112428e+00
1.163150809805680863e+00 5.365704950249731375e+00 9.607087424652064556e+00 5.125697128053893437e+00 6.775528459114620539e+00
1.223775431622115661e+00 5.371605002317856759e+00 9.608575800128321021e+00 5.113254336697982794e+00 6.778304853940361419e+00
1.223775431622115661e+00 5.382028721115021952e+00 9.624309694614288091e+00 5.129477659348671281e+00 6.782164687269629511e+00
1.163150809805680863e+00 5.389144786508526686e+00 9.614283034583742449e+00 5.132701236799056765e+00 6.787690098480977596e+00
1.163150809805680863e+00 5.387655201900232171e+00 9.609506781986928203e+00 5.070286107571388534e+00 6.785392885496162485e+00
1.098612288668109782e+00 5.388509928199904486e+00 9.601818453648830243e+00 5.008226583367326512e+00 6.794942428319576955e+00
1.064710736992428242e+00 5.379874311800346476e+00 9.591601884145710244e+00 4.839258175822019226e+00 6.801300507289505859e+00
1.064710736992428242e+00 5.362010217707528170e+00 9.593468329054811505e+00 4.760593835180367606e+00 6.804905721854662026e+00
9.555114450274363458e-01 5.353742612653447530e+00 9.576425375664387118e+00 4.697625240633686694e+00 6.830738978838567732e+00
1.064710736992428242e+00 5.356270186985712556e+00 9.575279777305651052e+00 4.748127351815021768e+00 6.843386821971501277e+00
1.131402111491100593e+00 5.359906229217159535e+00 9.572598590399328700e+00 4.724019185463183668e+00 6.848482271157353196e+00
9.555114450274363458e-01 5.358918458675886676e+00 9.571857450454752225e+00 4.711645761617207384e+00 6.859250132930437616e+00
1.029619417181157903e+00 5.359925034428083102e+00 9.571608916732046168e+00 4.756298791048556573e+00 6.863198363901353183e+00
1.064710736992428242e+00 5.361395446760730543e+00 9.572670842424880533e+00 4.818217267313111840e+00 6.872631649815847510e+00
1.098612288668109782e+00 5.369660806616171733e+00 9.571388072587470930e+00 4.859269278863089347e+00 6.877181891963660476e+00
1.098612288668109782e+00 5.369362796761016909e+00 9.571318611948900212e+00 4.866321314815555965e+00 6.880148112684496553e+00
1.029619417181157903e+00 5.372705656551893583e+00 9.577348714807227381e+00 4.920996465749284177e+00 6.882738018449892969e+00
1.029619417181157903e+00 5.374634682018731624e+00 9.576789881642811864e+00 4.885501094962668489e+00 6.885765343383673631e+00
1.064710736992428242e+00 5.377632117017316915e+00 9.588369465053203200e+00 4.903755176952490302e+00 6.893400094290857538e+00
1.098612288668109782e+00 5.380975113562247891e+00 9.586000203960077570e+00 4.948097619325590557e+00 6.901063088883280905e+00
9.932517730102834452e-01 5.381495154717045537e+00 9.579989957529150502e+00 4.982873900805270928e+00 6.904118456544353855e+00
1.064710736992428242e+00 5.382143676592891168e+00 9.585220745173169021e+00 5.010680781440731479e+00 6.902671910483741513e+00
9.932517730102834452e-01 5.381191446716146132e+00 9.587508405474956419e+00 4.994763219640941720e+00 6.912553535729607290e+00
9.932517730102834452e-01 5.381522759962043878e+00 9.594564489842143828e+00 5.031441532937757088e+00 6.915183559704281002e+00
9.932517730102834452e-01 5.381752774039919807e+00 9.597111025549072139e+00 5.091041847797427522e+00 6.922027558525449820e+00
1.064710736992428242e+00 5.381232866875344634e+00 9.598414393430806157e+00 5.044978611328937212e+00 6.931600592276019768e+00
1.029619417181157903e+00 5.380813983997616567e+00 9.600645616285678585e+00 5.008826428565766875e+00 6.936054399452757480e+00
1.064710736992428242e+00 5.382681492658974776e+00 9.604418942438805118e+00 5.023917508133005860e+00 6.938680553607563084e+00
1.029619417181157903e+00 5.384141789386213794e+00 9.604014875885500402e+00 5.080901335030880261e+00 6.947106975797268547e+00
9.932517730102834452e-01 5.385755735696871049e+00 9.607916520723623677e+00 5.105094060308123183e+00 6.953319335404402501e+00
1.029619417181157903e+00 5.389231534398665424e+00 9.612100402772947305e+00 5.158046356314993197e+00 6.962947067903902720e+00
1.029619417181157903e+00 5.391762171257900249e+00 9.608821899025240754e+00 5.184213635090908490e+00 6.969761351002659033e+00
1.029619417181157903e+00 5.395770702696749410e+00 9.614272608954863131e+00 5.237224688311266974e+00 6.977074693746101453e+00
1.064710736992428242e+00 5.399008497577555410e+00 9.604799456371024391e+00 5.288094443580364512e+00 6.984516068619397444e+00
1.064710736992428242e+00 5.402217816828981611e+00 9.602522275622423109e+00 5.322535634248204417e+00 6.992266776569183939e+00
1.163150809805680863e+00 5.407378028214637311e+00 9.616214985694796269e+00 5.306938295246427906e+00 6.999775437540357359e+00
1.064710736992428242e+00 5.412061144263693002e+00 9.618933840277595237e+00 5.330222371285322502e+00 7.009314760404504518e+00
1.064710736992428242e+00 5.415237808054813584e+00 9.615305389165065719e+00 5.294312630023354060e+00 7.017063682691984994e+00
1.098612288668109782e+00 5.415237808054813584e+00 9.611093519731751300e+00 5.276381290758378917e+00 7.028423024801352170e+00
1.064710736992428242e+00 5.417854418573476494e+00 9.616411333508056103e+00 5.277643181588778099e+00 7.052064403032014539e+00
1.064710736992428242e+00 5.421003915862388389e+00 9.621590569024828454e+00 5.260749205034009002e+00 7.078735962583583508e+00
1.029619417181157903e+00 5.423173109318272012e+00 9.613651956436461532e+00 5.226121063000316980e+00 7.082396590678377457e+00
9.932517730102834452e-01 5.423848088995245398e+00 9.632399372568457352e+00 5.149810773583372026e+00 7.087585972530284550e+00
9.932517730102834452e-01 5.425694233875741013e+00 9.627281456896062295e+00 5.121722045528489531e+00 7.094481665904803336e+00
9.932517730102834452e-01 5.425931914117709809e+00 9.625571408326859313e+00 5.106489579410478541e+00 7.100045012201197103e+00
9.932517730102834452e-01 5.428652406274972364e+00 9.630842375554253820e+00 5.132309747237198572e+00 7.110588510205744228e+00
1.064710736992428242e+00 5.430787571311838313e+00 9.641285878891588723e+00 5.159190005292127346e+00 7.117081819885182625e+00
1.098612288668109782e+00 5.432878853443238398e+00 9.632927754012960975e+00 5.171088889142457568e+00 7.123778787410189217e+00
1.064710736992428242e+00 5.434538264209311187e+00 9.638338620363164466e+00 5.164823698086541626e+00 7.131387501248571681e+00
9.932517730102834452e-01 5.432467942439030750e+00 9.639375095792381387e+00 5.134669102310578381e+00 7.135638324364876439e+00
1.029619417181157903e+00 5.431641237641455788e+00 9.641343623683212627e+00 5.111855314530028060e+00 7.143582268259518031e+00
9.932517730102834452e-01 5.431930005871957512e+00 9.644235025804203332e+00 5.152113721045922468e+00 7.152142509975373486e+00
1.098612288668109782e+00 5.437722723615079801e+00 9.636866728889648570e+00 5.135467893758308477e+00 7.160221103110987251e+00
1.029619417181157903e+00 5.442482643478538051e+00 9.641531067736488936e+00 5.144040351560808411e+00 7.169305959718067278e+00
9.932517730102834452e-01 5.445175808232938230e+00 9.635400359884510380e+00 5.135019008044262812e+00 7.176775840882487323e+00
1.029619417181157903e+00 5.443495052058861638e+00 9.639567195688435675e+00 5.127471417094752404e+00 7.186146244149483664e+00
1.064710736992428242e+00 5.443373963123213422e+00 9.648314535595122976e+00 5.147516342116648325e+00 7.200815298364808825e+00
1.064710736992428242e+00 5.445063557828071055e+00 9.652330375376539706e+00 5.169879545010784838e+00 7.204576000239362621e+00
1.098612288668109782e+00 5.450974073810964882e+00 9.644374453008595083e+00 5.175919073344343424e+00 7.205363405325787340e+00
1.029619417181157903e+00 5.448025334988794377e+00 9.647510668403377565e+00 5.147315131890408679e+00 7.212902105847580181e+00
1.064710736992428242e+00 5.445853360353768657e+00 9.650462198808719805e+00 5.132787884918056598e+00 7.217546320579837804e+00
1.064710736992428242e+00 5.446375237137999648e+00 9.645670342261695396e+00 5.141332439643499619e+00 7.221886736319067523e+00
1.064710736992428242e+00 5.448348142643430592e+00 9.653825693887755577e+00 5.131432219388778471e+00 7.228112064017839344e+00
1.029619417181157903e+00 5.450561945203836522e+00 9.655502112541830328e+00 5.128652323932574753e+00 7.234272697549556597e+00
1.064710736992428242e+00 5.452423759680367965e+00 9.659594194325086036e+00 5.118735122167193730e+00 7.239889491256840337e+00
1.098612288668109782e+00 5.453747227873674497e+00 9.657938668453194708e+00 5.093472497246872344e+00 7.245135670350619783e+00
1.029619417181157903e+00 5.454115260401632526e+00 9.663548100050004308e+00 5.097739464755943750e+00 7.255572681755333875e+00
1.064710736992428242e+00 5.455838075727753811e+00 9.670235610059110698e+00 5.097595097379812756e+00 7.258166624879205386e+00
9.932517730102834452e-01 5.458406095499086064e+00 9.668373151190030157e+00 5.113384260106380808e+00 7.264646634287953653e+00
1.064710736992428242e+00 5.461222471470482454e+00 9.661486846532893580e+00 5.104130824306152725e+00 7.270817794945188872e+00
1.064710736992428242e+00 5.462441007806901894e+00 9.665213908977328572e+00 5.115363367851039733e+00 7.279176088094057917e+00
1.064710736992428242e+00 5.463738580341340523e+00 9.666544597019600005e+00 5.134627298302058662e+00 7.283814816200468556e+00
1.064710736992428242e+00 5.465825578848867217e+00 9.669871989802052425e+00 5.146049980578276895e+00 7.289629203297494975e+00
1.029619417181157903e+00 5.467351029015056874e+00 9.674816114620076846e+00 5.128110172207699158e+00 7.296116697184567457e+00
1.064710736992428242e+00 5.468182496518604552e+00 9.677698598474727021e+00 5.103301165306053377e+00 7.301033274445187793e+00
9.932517730102834452e-01 5.469847572263770275e+00 9.683262373197850437e+00 5.106060805714553119e+00 7.306599026804743602e+00
1.064710736992428242e+00 5.469139726948970548e+00 9.689865769062439682e+00 5.088679798822203892e+00 7.308914197111763045e+00
1.029619417181157903e+00 5.470108674368809432e+00 9.685582635429536680e+00 5.050939298632113328e+00 7.312613438202781424e+00
1.029619417181157903e+00 5.470192886313481218e+00 9.689115065980439923e+00 5.036724392112954973e+00 7.316979682671817642e+00
9.555114450274363458e-01 5.468557907524243866e+00 9.694182201023377132e+00 5.035720535032775835e+00 7.322611451104536151e+00
1.029619417181157903e+00 5.465059864211476715e+00 9.692566182042224199e+00 5.015327943874347660e+00 7.330498021749126458e+00
1.029619417181157903e+00 5.459215232832537623e+00 9.695458589839812902e+00 4.982638249116404516e+00 7.336770831136862014e+00
9.932517730102834452e-01 5.461664203236054504e+00 9.700835825492616138e+00 4.958999753143441325e+00 7.347685067186299435e+00
1.029619417181157903e+00 5.463785193769830073e+00 9.694764195986449451e+00 4.935893589567021955e+00 7.350465243468722321e+00
9.555114450274363458e-01 5.464683137454553474e+00 9.700640825714216930e+00 4.928756297612117088e+00 7.355125372574392806e+00
1.029619417181157903e+00 5.467600119729692842e+00 9.702326982792456533e+00 4.937830202538168400e+00 7.358834272724548597e+00
9.555114450274363458e-01 5.469826512671440710e+00 9.707417988979056389e+00 4.927163103939834699e+00 7.363515518472232735e+00
1.029619417181157903e+00 5.471749529496074516e+00 9.703768538483306116e+00 4.907677490488362437e+00 7.369353011864705039e+00
9.932517730102834452e-01 5.471476240545968039e+00 9.706918709539165135e+00 4.869648444205427751e+00 7.374864517167970313e+00
9.932517730102834452e-01 5.470028666452195765e+00 9.714428919814025676e+00 4.849936568839106954e+00 7.380862163840969714e+00
9.162907318741552176e-01 5.471396341975058419e+00 9.708221040679267944e+00 4.843622234074819843e+00 7.382512820806362619e+00
9.555114450274363458e-01 5.472913324270193947e+00 9.710578523939741302e+00 4.804396876720907983e+00 7.391984893941302204e+00
9.555114450274363458e-01 5.471623405415036778e+00 9.712856094332195767e+00 4.803496381611213728e+00 7.397570974646921371e+00
9.932517730102834452e-01 5.472715952671324935e+00 9.713292231743448468e+00 4.802406782912292726e+00 7.408792665815237655e+00
9.162907318741552176e-01 5.471463625406539855e+00 9.708397658525903751e+00 4.799456292458481599e+00 7.414734414719721833e+00
9.932517730102834452e-01 5.472598351071808587e+00 9.716193146252606994e+00 4.852725770854299903e+00 7.421329631380684688e+00
9.162907318741552176e-01 5.476078540585660015e+00 9.720736828422976927e+00 4.873527147548796457e+00 7.428799636686755470e+00
9.162907318741552176e-01 5.477977050366177991e+00 9.712874544865472970e+00 4.884000406474063638e+00 7.435177735586687042e+00
9.555114450274363458e-01 5.479980373212113065e+00 9.714805934059629777e+00 4.908619594652500417e+00 7.440972103775561841e+00
9.555114450274363458e-01 5.480213833003894308e+00 9.720354715743569685e+00 4.913611677352331952e+00 7.446176611304307968e+00
9.162907318741552176e-01 5.482258444542618570e+00 9.725085854918232187e+00 4.890487479801462811e+00 7.453631223159534969e+00
9.555114450274363458e-01 5.484821829446308250e+00 9.728869028506654359e+00 4.876267491475709370e+00 7.458773586567369662e+00
8.754687373538998507e-01 5.487672463239127829e+00 9.722396583363787315e+00 4.883651547399829873e+00 7.463370567179357984e+00
9.555114450274363458e-01 5.489759702291310717e+00 9.732837697348401207e+00 4.919375743283555202e+00 7.469803922098662063e+00
8.329091229351038850e-01 5.492324546384262263e+00 9.734424053957059897e+00 4.932371281207679203e+00 7.473067464019724326e+00
9.555114450274363458e-01 5.497815556712608576e+00 9.728909515072293956e+00 4.965114939885293843e+00 7.479682534672657646e+00
9.162907318741552176e-01 5.499035333620140520e+00 9.732403040050302323e+00 4.978338429134608667e+00 7.482560778970804627e+00
